---
version: 2
money:
  mateigamingytb: 10099999778.000000
  floringamingytb: 988.000000
  mcpe_expert: 1000.000000
  xanonymul45: 1005.000000
  xpgfx: 1000.000000
  allexpvp: 1000.000000
  allexhuawei: 994.000000
  xunknownro: 982.000000
  xallexpopx: 1000.000000
  samehok: 8.000000
  synovialtick916: 1000.000000
  xxgeorgexdro: 995.000000
  xdenys15: 1000.000000
  stndenis: 1000.000000
  steve: 923.000000
  sergetec: 11020.000000
  doza: 1000.000000
  xalex: 1000.000000
  andamaria: 1000.000000
  xallexpop: 1000.000000
  qallex22: 1000.000000
  alexrockstar: 939.000000
  alexgamingytb: 1000.000000
  alexgamingytb11: 1000.000000
  alexswaag: 1000.000000
  alexswag: 879.000000
...
