---
version: 2
money:
  platon234: 40.000000
  thesmile: 1000.000000
  dead: 100000038.000000
  google: 1000.000000
  5fox: 1000.000000
  madlyraccoon53: 10092038.000000
  vivian5332: 1000.000000
  radiorak: 1000.000000
  flouden: 1000.000000
  alex_gamerdt: 1000.000000
  xx_zaika_xx: 1000.000000
  labbotabro: 1000.000000
  alidqwert22: 1000.000000
  john: 1000.000000
  timka_2016: 1000.000000
  google22r: 1000.000000
  sypamonster: 1000.000000
  xxmulituxx: 1000.000000
  volk789: 501.000000
  romicabc: 1000.000000
  nickita_2004: 1000.000000
  magic_poli: 1000.000000
  maks44456: 0.000000
...
