---
sign2X: 361
sign2Y: 69
sign2Z: 780
money2: 2000
time2: 2
chance2: 35
sign3X: 362
sign3Y: 69
sign3Z: 780
money3: 3000
time3: 3
chance3: 20
PositionJailX: 388.200000
PositionJailY: 68.000000
PositionJailZ: 781.600000
sign1X: 360
sign1Y: 69
sign1Z: 780
money1: 1000
time1: 1
chance1: 50
...
