---
world:
  X: 232.561700
  "Y": 44.623800
  Z: 130.628500
  Yaw: 1
  Pitch: -6
o.o:
  X: -1023.940100
  "Y": 120.489500
  Z: 429.675100
  Yaw: 91
  Pitch: 9
SkyPvP:
  X: -9872.573200
  "Y": 130.623800
  Z: -999969.437500
  Yaw: 182
  Pitch: 2
...
