---
password: 9465e134c6e5f86eb429eedee5dbaed47ecf5ebf14ecaa9a81b8ca4f898369da
ip: 193.35.50.16
firstlogin: 1464710260247.000000
lastlogin: 1464711612179.000000
...
