---
password: 66c782e8f95ba958f28adaae576c42a263c2449af416fb844499bef7fd41b2d0
ip: 91.239.184.230
firstlogin: 1475385683621.000000
lastlogin: 1475385683622.000000
...
