---
password: 15e2b0d3c33891ebb0f1ef609ec419420c20e320ce94c65fbc8c3312448eb225
ip: 37.150.248.56
firstlogin: 1474711411229.000000
lastlogin: 1474711411230.000000
...
