---
password: 8d0b8ce1457dc976359e35bafade02c5001c45001203b7d0f50bc9edba2e3509
ip: 89.136.79.232
firstlogin: 1487876847892.000000
lastlogin: 1488392210219.000000
...
