---
password: 6ababba03a05809d4fd39eb7d4a080f37904a1210c859b318bfe009bc1242e88
ip: 94.177.56.191
firstlogin: 1487798122041.000000
lastlogin: 1487798122041.000000
...
