---
password: 15e2b0d3c33891ebb0f1ef609ec419420c20e320ce94c65fbc8c3312448eb225
ip: 178.22.170.173
firstlogin: 1474629703360.000000
lastlogin: 1474629703361.000000
...
