---
password: 920baabac950f11e707fa333730c2a84a6e4f0e9850e40a2569f7bfd16d28ac4
ip: 31.173.80.58
firstlogin: 1475607880602.000000
lastlogin: 1475607880603.000000
...
