---
password: 1140f0c5f8d9d6a756aad4cdce8d79820b6797ce6a59676e072a035b5373affd
ip: 85.95.186.39
firstlogin: 1464709639344.000000
lastlogin: 1464711675119.000000
...
