---
password: 856f08f94e3316872671e02d3761ac2b2a9bb48e55957b094fc261a6e0d79c13
ip: 178.138.32.42
firstlogin: 1487795474194.000000
lastlogin: 1487795474194.000000
...
