---
password: 490ed7e2b6e7ab8c2a33200ec657222047b497f13512993852af1e1c4cd27a73
ip: 89.136.119.228
firstlogin: 1478425198188.000000
lastlogin: 1478425198198.000000
...
