---
password: 33d28527b2a4ed791e1f1b41542af0558c2481ea530d46dde629012e6e48e881
ip: 93.185.22.24
firstlogin: 1464710525797.000000
lastlogin: 1464710525797.000000
...
