---
password: 2c2a312bf9348031d4e5def7acd703b13df319d2d7dafb1efa92ff4cb71a9614
ip: 82.79.115.161
firstlogin: 1488020378773.000000
lastlogin: 1488397688416.000000
...
