---
password: 932f3c1b56257ce8539ac269d7aab42550dacf8818d075f0bdf1990562aae3ef
ip: 5.141.239.75
firstlogin: 1475853026121.000000
lastlogin: 1475853026123.000000
...
