---
password: 15e2b0d3c33891ebb0f1ef609ec419420c20e320ce94c65fbc8c3312448eb225
ip: 95.55.103.128
firstlogin: 1474629458215.000000
lastlogin: 1474629458215.000000
...
