---
password: 4662e05ad9705be7685f9aba07544aa4c32c6e30c502f00def69314cc49ebd71
ip: 213.174.1.150
firstlogin: 1474737328770.000000
lastlogin: 1474737328771.000000
...
