---
password: 84814ab659c00b9b2792b7c25edbe51cb709350511654c792dc02af687d43710
ip: 37.150.0.51
firstlogin: 1474283004983.000000
lastlogin: 1474283004988.000000
...
