---
password: 87f0247a5c34f3c356b42e28564db66bad13a464140c588d1dae369b0e14e0e7
ip: 217.23.186.17
firstlogin: 1474629937239.000000
lastlogin: 1474725171525.000000
...
