---
password: 5e884898da28047151d0e56f8dc6292773603d0d6aabbdd62a11ef721d1542d8
ip: 79.117.230.51
firstlogin: 1478424673552.000000
lastlogin: 1478424682071.000000
...
