---
password: 4b51c939cb8a9d74e070b9898abac18e87db3ef40a48c5ade59e504ba4573e6b
ip: 93.118.244.196
firstlogin: 1487792388497.000000
lastlogin: 1487792388497.000000
...
