---
password: 83d32e02416f03fb789b6439730abca9a15d4807b2c92e7059ff712f5315d592
ip: 109.226.91.100
firstlogin: 1464709686495.000000
lastlogin: 1464711605819.000000
...
