---
password: 6e9ba2d4743b72079ae971666d7e61f0587704fbcfcd4f874ebb2a6a700d4435
ip: 92.81.139.101
firstlogin: 1487789516800.000000
lastlogin: 1487789534202.000000
...
