---
password: 869208d6d42d3e3d90c61a633a7badf643af522deff814c40ffdb34fde49f4da
ip: 5.14.163.141
firstlogin: 1488015904577.000000
lastlogin: 1488267997989.000000
...
