---
password: 172da72c98346a1e37177942c5413e87f273ee8cc78d2922ac040642d6cc50f5
ip: 94.28.189.82
firstlogin: 1474895016405.000000
lastlogin: 1474895016407.000000
...
