---
password: 0127ce5ed7a3914c43f1f2f96d1533387e2b9d5f401735b5279fb34bcdaf5d87
ip: 94.177.56.191
firstlogin: 1487797901341.000000
lastlogin: 1487797901342.000000
...
