---
password: 13b03c61c99fbc3f2b565815430e9a913177229fb317bbf1f72fcab2d22fbf25
ip: 93.78.106.238
firstlogin: 1474629742426.000000
lastlogin: 1474629943166.000000
...
