---
password: 61c7ff8356372c920e79d7539dad137d3d49d7e2a5fc05bf05cedeaed7e7bc2a
ip: 188.163.3.4
firstlogin: 1474629339992.000000
lastlogin: 1474629339992.000000
...
