---
password: 4ad66d2fb2d0156db5d47114a1d80f1e95ec69681536d53324a94bed987437da
ip: 81.200.153.113
firstlogin: 1474687068783.000000
lastlogin: 1474687068785.000000
...
