---
password: 13fe6f71a11e077c9ff810181488ae64378ed45cf5f3c9134110b6e3d410350c
ip: 193.202.118.160
firstlogin: 1480923837588.000000
lastlogin: 1481057175260.000000
...
