---
password: 41a4b7bd5164d0213c157f93e80fc73c5e388fbd35ca47dc99f40e96f085dd74
ip: 176.112.63.53
firstlogin: 1464710051747.000000
lastlogin: 1464710051748.000000
...
