---
password: 24649ff4789db7d14f3791d134605048ab93851139d7dc9733e3fa153cd41816
ip: 79.116.167.72
firstlogin: 1487790204949.000000
lastlogin: 1487790204949.000000
...
