---
password: 48dc130365c61f352551ccc655aa555bed9c53e330df2dcf97d7c1f08b69acfa
ip: 92.85.154.244
firstlogin: 1488288940837.000000
lastlogin: 1488394646367.000000
...
