---
password: 2a8b28568b3f280316fb3ec787cc1b526836e0e9bcd558508d73c12c7d3a0587
ip: 85.140.1.251
firstlogin: 1474386785253.000000
lastlogin: 1474386785253.000000
...
