---
password: 15e2b0d3c33891ebb0f1ef609ec419420c20e320ce94c65fbc8c3312448eb225
ip: 37.78.211.207
firstlogin: 1474643482694.000000
lastlogin: 1474643482695.000000
...
