---
password: 92782a0eb9c8c3191b4a46f5d2d87ac4a30aafada035a0640852992fdce2279c
ip: 83.149.47.25
firstlogin: 1474904810456.000000
lastlogin: 1474904810459.000000
...
