---
password: 4e85373d530f83562fa20c4c73368dce756efce76cc1511c236f2586dcc3cb08
ip: 93.91.120.33
firstlogin: 1475056901793.000000
lastlogin: 1475056902157.000000
...
