---
password: 75822a96fd1a29ec07d1f19c7dc76525586a34f1d275ddbb8a8e3a2e82b4ac14
ip: 107.181.183.188
firstlogin: 1464711340987.000000
lastlogin: 1464711607669.000000
...
