---
password: 14d0bcf8a8d37f7022ec50ba6cca75d55c18883bd8467453934d80de7edccdf9
ip: 37.44.89.203
firstlogin: 1475561018484.000000
lastlogin: 1475561018485.000000
...
