---
password: 15aca239c87f64fc536ef2c5ec2cc268098cdf9a408a29aa40b7205e2bd96fce
ip: 85.121.126.209
firstlogin: 1487794596595.000000
lastlogin: 1487794596595.000000
...
