---
password: 0e837e62d842213366c6b86d9a21f3b7c4eb586eb884298e4d77e8ab839583ee
ip: 91.122.25.194
firstlogin: 1474978675057.000000
lastlogin: 1475243489920.000000
...
