---
password: 30fd91fbe35abcd6fb698322ecc118c9e1d5bb925433a201709228ed0479336a
ip: 188.25.22.133
firstlogin: 1487876669542.000000
lastlogin: 1488377548737.000000
...
