---
password: 5e8941466433bdae9c8f94236705e5d443ef8f92a0a73ea53f419e98b993b59b
ip: 151.32.96.7
firstlogin: 1487793122545.000000
lastlogin: 1487793134197.000000
...
