---
password: 302635eb93270ece58e70705d0facc04478d9f16d26f81a54d8840d3fd837fef
ip: 213.233.84.228
firstlogin: 1488359608047.000000
lastlogin: 1488359608048.000000
...
