---
password: 85e8168e5e66ecf8a9e6947ad58831120ed9939a118f0984d80f38508e31f8dd
ip: 109.49.196.187
firstlogin: 1487876642150.000000
lastlogin: 1487955499564.000000
...
