---
version: 2
money:
  mrfranki: 94467.000000
  irinka: 1000.000000
  mrfra: 0.000000
  mapuxuaha: 980.000000
  pro_adnroid12: 1000.000000
  pro_android123: 960.000000
  _promix_yt: 1480.000000
  logoped_yt: 1000.000000
  dead: 665323.000000
  google: 8900.000000
  steve: 1100.000000
  5fox: 9999894329.000000
  pop12: 750.000000
  sasiso4ka: 1200.000000
  mister_x: 6963.000000
  mico: 1000.000000
  waeter17: 1000.000000
  sous: 1000.000000
  mag227: 1000.000000
  magister: 1000.000000
  zhak: 1000.000000
  5249541: 1000.000000
  google228: 1000.000000
  killer19: 1000.000000
  mrhokiter: 1000.000000
  killerb: 1000.000000
  killer999: 1000.000000
  jorecat: 400.000000
  bad_boy220: 1000.000000
  simsalabim: 1000.000000
  krock: 1000.000000
  saimon: 1000.000000
  mr_joker_yt: 1000.000000
  renix: 1000.000000
  sasha666ad: 1000.000000
  llikojibhuk2: 1000.000000
  nastya: 1000.000000
  smeet212: 1000.000000
  pipiska: 750.000000
  anton: 0.000000
  madlyraccoon53: 9999945749.000000
  killer: 0.000000
  bulba: 1000.000000
  youtubeprofi: 1000.000000
  jobi: 1000.000000
  artem: 1000.000000
  thestepanworld: 1000.000000
  vadimkagame: 1000.000000
  hak: 1000.000000
  thesmile: 9999957974.000000
  soft2211: 350.000000
  densestveil2940: 99993499.000000
  228: 999981739.000000
  xx_vip_girl_xx: 6500.000000
  xxx_glabal_xxx: 1000.000000
  platon234: 15260.000000
  sanikdranik: 1000.000000
  __joker_: 1000.000000
  sofia_deman: 9500.000000
  letsplayshik_837: 1000.000000
  ximik: 1000.000000
  morzan: 1000.000000
  morzan2017: 1100.000000
  morzan2017s: 1000.000000
  krab: 1000.000000
  mamkatvoya: 1000.000000
  prikol: 1000.000000
  silvercad: 1000.000000
  silvercadezx: 1000.000000
  prosto: 1000.000000
  maxcraft_yt: 1000.000000
  nelson228: 1000.000000
  xx_zaika_xx: 1200.000000
  thesmilel: 1000.000000
  zoddiak: 1000.000000
  morzan2017d: 1000.000000
  sypamonster: 1000.000000
  magic_poli: 1000.000000
  ebinonana: 1500.000000
  elina: 1100.000000
  gabriel: 10000001799.000000
  sasiso4: 1100.000000
  xx_nike_xx: 1000.000000
  _krasotka_: 1000.000000
  nigaguy: 600.000000
  noooooob: 1000.000000
  magic_gorl91919: 1000.000000
  magic_poli1882: 1000.000000
  timeshift0404: 1000.000000
  alex_gamerdt: 1300.000000
  mari: 1200.000000
  marii: 1000.000000
  qjwjejdj: 1000.000000
  war_creepertv: 1300.000000
  jwksnd: 1000.000000
...
