---
world:
  X: 248.000000
  "Y": 72.000003
  Z: 402.000000
  Yaw: 38
  Pitch: 0
...
