---
password: 932f3c1b56257ce8539ac269d7aab42550dacf8818d075f0bdf1990562aae3ef
ip: 178.76.242.46
firstlogin: 1475929200287.000000
lastlogin: 1475929200288.000000
...
