---
password: 018b6b40815fc67b48a013007cb37399a13263dfae11c6eecf91a193ad23e4c0
ip: 2.62.8.21
firstlogin: 1485444382239.000000
lastlogin: 1485444658293.000000
...
