---
password: 3c529578399e9fb31b3ad1bef3e91872b12ba214f258a6bc52791b173ca02458
ip: 109.95.49.57
firstlogin: 1474629427203.000000
lastlogin: 1474629427204.000000
...
