---
password: 840815f39c15d7ccbe3b5a2a3392eb92294f629cdad004d8354a5e7eb658f356
ip: 46.191.228.209
firstlogin: 1474627753881.000000
lastlogin: 1474627753881.000000
...
