---
password: 5a24881a07818b6d2e2ae4f9e5991d6468afd4f6668b3c13147dd94807659679
ip: 213.24.125.21
firstlogin: 1474629168204.000000
lastlogin: 1474629168205.000000
...
