---
password: 6b3f9a5ec429fd522f418ee981ec4ffed1f6f15ce29f34c2866a161bfa9c1cec
ip: 91.79.243.99
firstlogin: 1474222906224.000000
lastlogin: 1474310161660.000000
...
