---
password: 4276b2939b040e18eaaf50c891118b94b12cab91dfaec52d17c77620d0db634f
ip: 151.249.174.174
firstlogin: 1474395127772.000000
lastlogin: 1474395127774.000000
...
