---
password: 6cdf452b202706c2c8a4c6ae07acb4dff49fd1ea9342916ea4ee2bfb708bd364
ip: 217.23.187.146
firstlogin: 1475213519419.000000
lastlogin: 1475213519421.000000
...
