---
password: 83f9a8cc7c4b086b507e3f87129d75d24d8b5c8c4861865f2862f774c3bb1eb2
ip: 188.244.137.40
firstlogin: 1474630089997.000000
lastlogin: 1474630089997.000000
...
