---
password: 6955b2914394a4d173715e0c6fd3922cb2e4397463351d60c40eac27882fac0c
ip: 2.133.151.6
firstlogin: 1474887779532.000000
lastlogin: 1474887779534.000000
...
