---
password: 86410d14d0ec62c9117adf702900d0513a048b93a708659b8e42cd0f5d521b52
ip: 217.65.211.200
firstlogin: 1474628075485.000000
lastlogin: 1474628075486.000000
...
