---
password: 970e7d3d48e56f794f1783c0677c3b67f2ef00f98aa633929126f0d4783993df
ip: 178.173.4.180
firstlogin: 1474630075911.000000
lastlogin: 1474630075911.000000
...
