---
password: 15e2b0d3c33891ebb0f1ef609ec419420c20e320ce94c65fbc8c3312448eb225
ip: 188.162.15.70
firstlogin: 1474629548899.000000
lastlogin: 1474629548899.000000
...
