---
password: 19509da42ad415fc07d565936522009681e3a9e77c09cf1bd2e81a78ba87016c
ip: 94.28.189.82
firstlogin: 1474895017985.000000
lastlogin: 1474895017985.000000
...
