---
password: 7c68b096010dc72ba379a254a567363e003767cbe765cf8652444728babf74d6
ip: 176.120.60.36
firstlogin: 1474702424357.000000
lastlogin: 1474702424358.000000
...
