---
password: 895d3068eda0a97f18b5174d558ea6b01200263d4bd55f623701977f03be110e
ip: 92.46.21.221
firstlogin: 1474858671496.000000
lastlogin: 1474858671498.000000
...
