---
password: 8c4d4de9370455d001862d6eaadb57e584911d52eb4eb59603cac3a15bbf8c46
ip: 88.147.214.145
firstlogin: 1475244074889.000000
lastlogin: 1475244074890.000000
...
