---
password: 46c759e871935f8cd63cac9a269ad2b045ed518ac00f19f79471c8bde5523d91
ip: 185.57.31.192
firstlogin: 1474629370339.000000
lastlogin: 1474629370339.000000
...
