---
password: 52ec24a81f9e71f8727d3b43e2a390196a77bd4d285b39ca366d18243a4309b7
ip: 176.59.48.65
firstlogin: 1475837017562.000000
lastlogin: 1475843721891.000000
...
