---
password: 15e2b0d3c33891ebb0f1ef609ec419420c20e320ce94c65fbc8c3312448eb225
ip: 90.188.148.119
firstlogin: 1474629035837.000000
lastlogin: 1474629035837.000000
...
