---
password: 4c837c507270b523b6e8d9cca896bcc0c0e9a3ed798804c1f10faebdbf19fda1
ip: 37.122.109.214
firstlogin: 1474906871811.000000
lastlogin: 1474906871812.000000
...
