---
password: 836ea4d57c0f1a34b9e5d40a220fb754774fd151c4915349d481630ea63f9617
ip: 5.141.124.105
firstlogin: 1474628509597.000000
lastlogin: 1474628509598.000000
...
