---
version: 2
money:
  hyfers: 2500.000000
  proreper: 750.000000
  prorepers: 1750.000000
  boomcheak: 50750.000000
  jivemake: 750.000000
  irinok: 250.000000
  vimen_xd: 250.000000
  nothacker228: 250.000000
  vimeworlx: 250.000000
  angelok1324: 250.000000
  prospector: 250.000000
  vimen_xd_xd: 250.000000
  snaketv: 4250.000000
  wert: 100000000.000000
  bro_tv: 250.000000
...
