---
l:
  X: 127.290016
  "Y": 6.000000
  Z: 126.860809
  Yaw: 0
  Pitch: 3
...
