---
version: 2
money:
  ade: 1000.000000
  mister_criper2: 1000.000000
  stevelangelo2005: 1000.000000
  malinda_yt: 1000.000000
  mister_criper: 1000.000000
...
