---
1v1:
  X: 133.630554
  "Y": 5.000000
  Z: 121.493668
  Yaw: 3
  Pitch: 17
world:
  X: 232.597656
  "Y": 44.000000
  Z: 130.464508
  Yaw: 270
  Pitch: 5
pvp2:
  X: 39.483765
  "Y": 6.000491
  Z: 122.302711
  Yaw: 359
  Pitch: 20
...
