---
TheReawakens - Christmas Special:
  X: 47.919060
  "Y": 69.095454
  Z: -14.241897
  Yaw: 358
  Pitch: 0
...
